1 Tue Apr 27 09:27:28 CEST 2021
65.0 65.0 0
2 8
4.0 7.0 7.0 9.0 0.0 -1.0 8.0 0.0 5.0 5.0 5.0 9.0 2.0 -1.0 3.0 1.0 
2 Wed Apr 28 18:22:29 CEST 2021
136.0 136.0 0
6 4
3.0 2.0 8.0 8.0 9.0 8.0 6.0 6.0 8.0 1.0 7.0 5.0 6.0 6.0 6.0 4.0 0.0 9.0 6.0 5.0 6.0 3.0 6.0 8.0 
3 Wed Apr 28 18:33:42 CEST 2021
75.0 75.0 0
4 6
3.0 5.0 4.0 6.0 3.0 0.0 9.0 5.0 2.0 4.0 -1.0 2.0 4.0 2.0 7.0 2.0 1.0 0.0 5.0 1.0 4.0 0.0 1.0 5.0 
4 Wed Apr 28 18:33:55 CEST 2021
76.0 76.0 0
9 2
8.0 0.0 7.0 7.0 7.0 6.0 6.0 0.0 -1.0 5.0 9.0 2.0 2.0 1.0 -1.0 8.0 -1.0 8.0 
5 Wed Apr 28 18:56:04 CEST 2021
39.0 39.0 0
4 3
4.0 6.0 4.0 2.0 -1.0 -1.0 2.0 5.0 1.0 9.0 2.0 4.0 
6 Wed Apr 28 19:01:43 CEST 2021
72.0 72.0 0
2 9
1.0 7.0 9.0 0.0 -1.0 5.0 5.0 7.0 3.0 1.0 -1.0 8.0 8.0 9.0 4.0 -1.0 3.0 2.0 
7 Wed Apr 28 19:01:53 CEST 2021
135.0 135.0 0
6 6
1.0 0.0 2.0 1.0 9.0 6.0 8.0 1.0 8.0 1.0 5.0 0.0 7.0 7.0 1.0 1.0 8.0 7.0 1.0 6.0 8.0 6.0 0.0 2.0 4.0 8.0 3.0 0.0 2.0 4.0 -1.0 4.0 -1.0 3.0 2.0 9.0 
8 Wed Apr 28 19:02:02 CEST 2021
344.0 344.0 0
9 9
2.0 3.0 3.0 8.0 0.0 5.0 9.0 1.0 7.0 1.0 0.0 6.0 0.0 6.0 3.0 9.0 3.0 0.0 4.0 4.0 2.0 0.0 3.0 7.0 1.0 0.0 -1.0 6.0 1.0 1.0 0.0 3.0 8.0 5.0 5.0 9.0 9.0 9.0 0.0 3.0 9.0 4.0 6.0 8.0 8.0 4.0 4.0 7.0 5.0 7.0 5.0 3.0 4.0 1.0 8.0 9.0 2.0 0.0 3.0 9.0 8.0 6.0 3.0 2.0 4.0 0.0 9.0 8.0 7.0 4.0 6.0 4.0 5.0 7.0 6.0 3.0 1.0 0.0 4.0 1.0 4.0 
9 Wed Apr 28 19:02:06 CEST 2021
30.0 30.0 0
4 3
0.0 8.0 2.0 3.0 0.0 5.0 6.0 -1.0 -1.0 0.0 6.0 -1.0 
10 Wed Apr 28 19:02:20 CEST 2021
110.0 110.0 0
2 10
4.0 9.0 3.0 3.0 9.0 6.0 8.0 8.0 -1.0 8.0 6.0 9.0 5.0 3.0 2.0 1.0 9.0 8.0 8.0 1.0 
